[40.76492  44.91812  22.038118 ... 41.819473 40.87362  44.426117]
[39.411503 44.29636  44.672302 ... 44.68428  44.631916 42.879196]
[35.1142   38.635254 38.91909  ... 39.013702 38.916927 37.520374]
[27.07343   18.358744  -2.0182953 ...  7.062083   2.8879297 25.511541 ]
[ 17.441887   14.542632  -13.367929  ...   7.1465673  -1.0734674
  17.65849  ]
[ 14.509006    9.787177  -21.090988  ...   6.1169443  -3.1274228
  11.718    ]
[ 10.063593    4.073714  -25.627365  ...   4.4955974  -4.995952
   9.852477 ]
[  7.876438     0.36976245 -25.627365   ...   2.3181436   -6.849849
   5.908264  ]
[  4.952274    -0.39748535 -25.627365   ...  -0.3757204   -8.997803
   3.7393892 ]
[  3.2076504  -2.004114  -25.627365  ...  -3.6671593 -11.2767105
   2.0616958]
[  1.0230689  -4.991373  -25.627365  ...  -7.231173  -14.002695
  -0.6194362]
[ -0.4302405  -7.3246765 -25.627365  ... -10.167289  -16.79278
  -1.6645548]
[ -2.1728866  -7.9102287 -25.627365  ... -11.169653  -19.617382
  -3.4019506]
[ -3.4151504  -8.847881  -25.627365  ... -11.294786  -21.437712
  -5.0872846]
[ -4.8643165 -10.885062  -25.627365  ... -11.650267  -22.384966
  -5.8800993]
[ -5.951526  -12.5798235 -25.627365  ... -12.7463045 -22.547203
  -7.541112 ]
[ -7.194542 -13.063709 -25.627365 ... -14.404757 -23.069143  -8.516772]
[ -8.1609535 -13.713558  -25.627365  ... -16.49501   -23.687958
  -9.394964 ]
[ -9.247848 -15.276451 -25.627365 ... -18.113358 -24.986284 -10.791109]
[-10.118944 -16.601364 -25.627365 ... -18.85313  -25.627365 -11.373063]
[-11.086702 -17.023413 -25.627365 ... -18.849045 -25.627365 -12.414293]
[-11.877197  -17.506828  -25.627365  ... -19.143158  -25.627365
 -13.3994055]
[-12.744375 -18.784872 -25.627365 ... -19.795473 -25.627365 -13.909515]
[-13.467685 -19.847733 -25.627365 ... -21.113426 -25.627365 -14.967834]
[-14.259101 -20.239033 -25.627365 ... -22.428133 -25.627365 -15.604151]
[-14.923321 -20.60413  -25.627365 ... -23.656263 -25.627365 -16.19397 ]
[-15.646743 -21.659906 -25.627365 ... -24.024273 -25.627365 -17.136595]
[-16.277216 -22.637272 -25.627365 ... -24.049788 -25.627365 -17.558836]
[-16.948196 -22.924698 -25.627365 ... -24.247667 -25.627365 -18.300816]
[-17.52508  -23.272974 -25.627365 ... -24.859451 -25.627365 -18.996675]
[-18.138315 -24.169712 -25.627365 ... -25.627365 -25.627365 -19.363363]
[-18.671303 -24.95064  -25.627365 ... -25.627365 -25.627365 -20.132   ]
[-19.249775 -25.22957  -25.627365 ... -25.627365 -25.627365 -20.592678]
[-19.765993 -25.53631  -25.627365 ... -25.627365 -25.627365 -21.062523]
[-20.313513 -25.627365 -25.627365 ... -25.627365 -25.627365 -21.78086 ]
[-20.79809  -25.627365 -25.627365 ... -25.627365 -25.627365 -22.095602]
[-21.298748 -25.627365 -25.627365 ... -25.627365 -25.627365 -22.65746 ]
[-21.753315 -25.627365 -25.627365 ... -25.627365 -25.627365 -23.182009]
[-22.249651 -25.627365 -25.627365 ... -25.627365 -25.627365 -23.518204]
[-22.67908  -25.627365 -25.627365 ... -25.627365 -25.627365 -24.126328]
[-23.127298 -25.627365 -25.627365 ... -25.627365 -25.627365 -24.468374]
[-23.543396 -25.627365 -25.627365 ... -25.627365 -25.627365 -24.865084]
[-23.960735 -25.627365 -25.627365 ... -25.627365 -25.627365 -25.407063]
[-24.335539 -25.627365 -25.627365 ... -25.627365 -25.627365 -25.6212  ]
[-24.761314 -25.627365 -25.627365 ... -25.627365 -25.627365 -25.627365]
[-25.15966  -25.627365 -25.627365 ... -25.627365 -25.627365 -25.627365]
[-25.551651 -25.627365 -25.627365 ... -25.627365 -25.627365 -25.627365]
[-25.627365 -25.627365 -25.627365 ... -25.627365 -25.627365 -25.627365]
[-25.627365 -25.627365 -25.627365 ... -25.627365 -25.627365 -25.627365]
[-25.627365 -25.627365 -25.627365 ... -25.627365 -25.627365 -25.627365]
[-25.627365 -25.627365 -25.627365 ... -25.627365 -25.627365 -25.627365]
[-25.627365 -25.627365 -25.627365 ... -25.627365 -25.627365 -25.627365]
[-25.627365 -25.627365 -25.627365 ... -25.627365 -25.627365 -25.627365]
[-25.627365 -25.627365 -25.627365 ... -25.627365 -25.627365 -25.627365]
[-25.627365 -25.627365 -25.627365 ... -25.627365 -25.627365 -25.627365]
[-25.627365 -25.627365 -25.627365 ... -25.627365 -25.627365 -25.627365]
[-25.627365 -25.627365 -25.627365 ... -25.627365 -25.627365 -25.627365]
[-25.627365 -25.627365 -25.627365 ... -25.627365 -25.627365 -25.627365]
[-25.627365 -25.627365 -25.627365 ... -25.627365 -25.627365 -25.627365]
[-25.627365 -25.627365 -25.627365 ... -25.627365 -25.627365 -25.627365]
[-25.627365 -25.627365 -25.627365 ... -25.627365 -25.627365 -25.627365]
[-25.627365 -25.627365 -25.627365 ... -25.627365 -25.627365 -25.627365]
[-25.627365 -25.627365 -25.627365 ... -25.627365 -25.627365 -25.627365]
[-25.627365 -25.627365 -25.627365 ... -25.627365 -25.627365 -25.627365]
[-25.627365 -25.627365 -25.627365 ... -25.627365 -25.627365 -25.627365]
[-25.627365 -25.627365 -25.627365 ... -25.627365 -25.627365 -25.627365]
[-25.627365 -25.627365 -25.627365 ... -25.627365 -25.627365 -25.627365]
[-25.627365 -25.627365 -25.627365 ... -25.627365 -25.627365 -25.627365]
[-25.627365 -25.627365 -25.627365 ... -25.627365 -25.627365 -25.627365]
[-25.627365 -25.627365 -25.627365 ... -25.627365 -25.627365 -25.627365]
[-25.627365 -25.627365 -25.627365 ... -25.627365 -25.627365 -25.627365]
[-25.627365 -25.627365 -25.627365 ... -25.627365 -25.627365 -25.627365]
[-25.627365 -25.627365 -25.627365 ... -25.627365 -25.627365 -25.627365]
[-25.627365 -25.627365 -25.627365 ... -25.627365 -25.627365 -25.627365]
[-25.627365 -25.627365 -25.627365 ... -25.627365 -25.627365 -25.627365]
[-25.627365 -25.627365 -25.627365 ... -25.627365 -25.627365 -25.627365]
[-25.627365 -25.627365 -25.627365 ... -25.627365 -25.627365 -25.627365]
[-25.627365 -25.627365 -25.627365 ... -25.627365 -25.627365 -25.627365]
[-25.627365 -25.627365 -25.627365 ... -25.627365 -25.627365 -25.627365]
[-25.627365 -25.627365 -25.627365 ... -25.627365 -25.627365 -25.627365]
[-25.627365 -25.627365 -25.627365 ... -25.627365 -25.627365 -25.627365]
[-25.627365 -25.627365 -25.627365 ... -25.627365 -25.627365 -25.627365]
[-25.627365 -25.627365 -25.627365 ... -25.627365 -25.627365 -25.627365]
[-25.627365 -25.627365 -25.627365 ... -25.627365 -25.627365 -25.627365]
[-25.627365 -25.627365 -25.627365 ... -25.627365 -25.627365 -25.627365]
[-25.627365 -25.627365 -25.627365 ... -25.627365 -25.627365 -25.627365]
[-25.627365 -25.627365 -25.627365 ... -25.627365 -25.627365 -25.627365]
[-25.627365 -25.627365 -25.627365 ... -25.627365 -25.627365 -25.627365]
[-25.627365 -25.627365 -25.627365 ... -25.627365 -25.627365 -25.627365]
[-25.627365 -25.627365 -25.627365 ... -25.627365 -25.627365 -25.627365]
[-25.627365 -25.627365 -25.627365 ... -25.627365 -25.627365 -25.627365]
[-25.627365 -25.627365 -25.627365 ... -25.627365 -25.627365 -25.627365]
[-25.627365 -25.627365 -25.627365 ... -25.627365 -25.627365 -25.627365]
[-25.627365 -25.627365 -25.627365 ... -25.627365 -25.627365 -25.627365]
[-25.627365 -25.627365 -25.627365 ... -25.627365 -25.627365 -25.627365]
[-25.627365 -25.627365 -25.627365 ... -25.627365 -25.627365 -25.627365]
[-25.627365 -25.627365 -25.627365 ... -25.627365 -25.627365 -25.627365]
[-25.627365 -25.627365 -25.627365 ... -25.627365 -25.627365 -25.627365]
[-25.627365 -25.627365 -25.627365 ... -25.627365 -25.627365 -25.627365]
[-25.627365 -25.627365 -25.627365 ... -25.627365 -25.627365 -25.627365]
[-25.627365 -25.627365 -25.627365 ... -25.627365 -25.627365 -25.627365]
[-25.627365 -25.627365 -25.627365 ... -25.627365 -25.627365 -25.627365]
[-25.627365 -25.627365 -25.627365 ... -25.627365 -25.627365 -25.627365]
[-25.627365 -25.627365 -25.627365 ... -25.627365 -25.627365 -25.627365]
[-25.627365 -25.627365 -25.627365 ... -25.627365 -25.627365 -25.627365]
[-25.627365 -25.627365 -25.627365 ... -25.627365 -25.627365 -25.627365]
[-25.627365 -25.627365 -25.627365 ... -25.627365 -25.627365 -25.627365]
[-25.627365 -25.627365 -25.627365 ... -25.627365 -25.627365 -25.627365]
[-25.627365 -25.627365 -25.627365 ... -25.627365 -25.627365 -25.627365]
[-25.627365 -25.627365 -25.627365 ... -25.627365 -25.627365 -25.627365]
[-25.627365 -25.627365 -25.627365 ... -25.627365 -25.627365 -25.627365]
[-25.627365 -25.627365 -25.627365 ... -25.627365 -25.627365 -25.627365]
[-25.627365 -25.627365 -25.627365 ... -25.627365 -25.627365 -25.627365]
[-25.627365 -25.627365 -25.627365 ... -25.627365 -25.627365 -25.627365]
[-25.627365 -25.627365 -25.627365 ... -25.627365 -25.627365 -25.627365]
[-25.627365 -25.627365 -25.627365 ... -25.627365 -25.627365 -25.627365]
[-25.627365 -25.627365 -25.627365 ... -25.627365 -25.627365 -25.627365]
[-25.627365 -25.627365 -25.627365 ... -25.627365 -25.627365 -25.627365]
[-25.627365 -25.627365 -25.627365 ... -25.627365 -25.627365 -25.627365]
[-25.627365 -25.627365 -25.627365 ... -25.627365 -25.627365 -25.627365]
[-25.627365 -25.627365 -25.627365 ... -25.627365 -25.627365 -25.627365]
[-25.627365 -25.627365 -25.627365 ... -25.627365 -25.627365 -25.627365]
[-25.627365 -25.627365 -25.627365 ... -25.627365 -25.627365 -25.627365]
[-25.627365 -25.627365 -25.627365 ... -25.627365 -25.627365 -25.627365]
[-25.627365 -25.627365 -25.627365 ... -25.627365 -25.627365 -25.627365]
[-25.627365 -25.627365 -25.627365 ... -25.627365 -25.627365 -25.627365]
[-25.627365 -25.627365 -25.627365 ... -25.627365 -25.627365 -25.627365]
[-25.627365 -25.627365 -25.627365 ... -25.627365 -25.627365 -25.627365]
[-25.627365 -25.627365 -25.627365 ... -25.627365 -25.627365 -25.627365]
[-25.627365 -25.627365 -25.627365 ... -25.627365 -25.627365 -25.627365]
[-25.627365 -25.627365 -25.627365 ... -25.627365 -25.627365 -25.627365]
[-25.627365 -25.627365 -25.627365 ... -25.627365 -25.627365 -25.627365]
[-25.627365 -25.627365 -25.627365 ... -25.627365 -25.627365 -25.627365]
[-25.627365 -25.627365 -25.627365 ... -25.627365 -25.627365 -25.627365]
[-25.627365 -25.627365 -25.627365 ... -25.627365 -25.627365 -25.627365]
[-25.627365 -25.627365 -25.627365 ... -25.627365 -25.627365 -25.627365]
[-25.627365 -25.627365 -25.627365 ... -25.627365 -25.627365 -25.627365]
[-25.627365 -25.627365 -25.627365 ... -25.627365 -25.627365 -25.627365]
[-25.627365 -25.627365 -25.627365 ... -25.627365 -25.627365 -25.627365]
[-25.627365 -25.627365 -25.627365 ... -25.627365 -25.627365 -25.627365]
[-25.627365 -25.627365 -25.627365 ... -25.627365 -25.627365 -25.627365]
[-25.627365 -25.627365 -25.627365 ... -25.627365 -25.627365 -25.627365]
[-25.627365 -25.627365 -25.627365 ... -25.627365 -25.627365 -25.627365]
[-25.627365 -25.627365 -25.627365 ... -25.627365 -25.627365 -25.627365]
[-25.627365 -25.627365 -25.627365 ... -25.627365 -25.627365 -25.627365]
[-25.627365 -25.627365 -25.627365 ... -25.627365 -25.627365 -25.627365]
[-25.627365 -25.627365 -25.627365 ... -25.627365 -25.627365 -25.627365]
[-25.627365 -25.627365 -25.627365 ... -25.627365 -25.627365 -25.627365]
[-25.627365 -25.627365 -25.627365 ... -25.627365 -25.627365 -25.627365]
[-25.627365 -25.627365 -25.627365 ... -25.627365 -25.627365 -25.627365]
[-25.627365 -25.627365 -25.627365 ... -25.627365 -25.627365 -25.627365]
[-25.627365 -25.627365 -25.627365 ... -25.627365 -25.627365 -25.627365]
[-25.627365 -25.627365 -25.627365 ... -25.627365 -25.627365 -25.627365]
[-25.627365 -25.627365 -25.627365 ... -25.627365 -25.627365 -25.627365]
[-25.627365 -25.627365 -25.627365 ... -25.627365 -25.627365 -25.627365]
[-25.627365 -25.627365 -25.627365 ... -25.627365 -25.627365 -25.627365]
[-25.627365 -25.627365 -25.627365 ... -25.627365 -25.627365 -25.627365]
[-25.627365 -25.627365 -25.627365 ... -25.627365 -25.627365 -25.627365]
[-25.627365 -25.627365 -25.627365 ... -25.627365 -25.627365 -25.627365]
[-25.627365 -25.627365 -25.627365 ... -25.627365 -25.627365 -25.627365]
[-25.627365 -25.627365 -25.627365 ... -25.627365 -25.627365 -25.627365]
[-25.627365 -25.627365 -25.627365 ... -25.627365 -25.627365 -25.627365]
[-25.627365 -25.627365 -25.627365 ... -25.627365 -25.627365 -25.627365]
[-25.627365 -25.627365 -25.627365 ... -25.627365 -25.627365 -25.627365]
[-25.627365 -25.627365 -25.627365 ... -25.627365 -25.627365 -25.627365]
[-25.627365 -25.627365 -25.627365 ... -25.627365 -25.627365 -25.627365]
[-25.627365 -25.627365 -25.627365 ... -25.627365 -25.627365 -25.627365]
[-25.627365 -25.627365 -25.627365 ... -25.627365 -25.627365 -25.627365]
[-25.627365 -25.627365 -25.627365 ... -25.627365 -25.627365 -25.627365]
[-25.627365 -25.627365 -25.627365 ... -25.627365 -25.627365 -25.627365]
[-25.627365 -25.627365 -25.627365 ... -25.627365 -25.627365 -25.627365]
[-25.627365 -25.627365 -25.627365 ... -25.627365 -25.627365 -25.627365]
[-25.627365 -25.627365 -25.627365 ... -25.627365 -25.627365 -25.627365]
[-25.627365 -25.627365 -25.627365 ... -25.627365 -25.627365 -25.627365]
[-25.627365 -25.627365 -25.627365 ... -25.627365 -25.627365 -25.627365]
[-25.627365 -25.627365 -25.627365 ... -25.627365 -25.627365 -25.627365]
[-25.627365 -25.627365 -25.627365 ... -25.627365 -25.627365 -25.627365]
[-25.627365 -25.627365 -25.627365 ... -25.627365 -25.627365 -25.627365]
[-25.627365 -25.627365 -25.627365 ... -25.627365 -25.627365 -25.627365]
[-25.627365 -25.627365 -25.627365 ... -25.627365 -25.627365 -25.627365]
[-25.627365 -25.627365 -25.627365 ... -25.627365 -25.627365 -25.627365]
[-25.627365 -25.627365 -25.627365 ... -25.627365 -25.627365 -25.627365]
[-25.627365 -25.627365 -25.627365 ... -25.627365 -25.627365 -25.627365]
[-25.627365 -25.627365 -25.627365 ... -25.627365 -25.627365 -25.627365]
[-25.627365 -25.627365 -25.627365 ... -25.627365 -25.627365 -25.627365]
[-25.627365 -25.627365 -25.627365 ... -25.627365 -25.627365 -25.627365]
[-25.627365 -25.627365 -25.627365 ... -25.627365 -25.627365 -25.627365]
[-25.627365 -25.627365 -25.627365 ... -25.627365 -25.627365 -25.627365]
[-25.627365 -25.627365 -25.627365 ... -25.627365 -25.627365 -25.627365]
[-25.627365 -25.627365 -25.627365 ... -25.627365 -25.627365 -25.627365]
[-25.627365 -25.627365 -25.627365 ... -25.627365 -25.627365 -25.627365]
[-25.627365 -25.627365 -25.627365 ... -25.627365 -25.627365 -25.627365]
[-25.627365 -25.627365 -25.627365 ... -25.627365 -25.627365 -25.627365]
[-25.627365 -25.627365 -25.627365 ... -25.627365 -25.627365 -25.627365]
[-25.627365 -25.627365 -25.627365 ... -25.627365 -25.627365 -25.627365]
[-25.627365 -25.627365 -25.627365 ... -25.627365 -25.627365 -25.627365]
[-25.627365 -25.627365 -25.627365 ... -25.627365 -25.627365 -25.627365]
[-25.627365 -25.627365 -25.627365 ... -25.627365 -25.627365 -25.627365]
[-25.627365 -25.627365 -25.627365 ... -25.627365 -25.627365 -25.627365]
[-25.627365 -25.627365 -25.627365 ... -25.627365 -25.627365 -25.627365]
[-25.627365 -25.627365 -25.627365 ... -25.627365 -25.627365 -25.627365]
[-25.627365 -25.627365 -25.627365 ... -25.627365 -25.627365 -25.627365]
[-25.627365 -25.627365 -25.627365 ... -25.627365 -25.627365 -25.627365]
[-25.627365 -25.627365 -25.627365 ... -25.627365 -25.627365 -25.627365]
[-25.627365 -25.627365 -25.627365 ... -25.627365 -25.627365 -25.627365]
[-25.627365 -25.627365 -25.627365 ... -25.627365 -25.627365 -25.627365]
[-25.627365 -25.627365 -25.627365 ... -25.627365 -25.627365 -25.627365]
[-25.627365 -25.627365 -25.627365 ... -25.627365 -25.627365 -25.627365]
[-25.627365 -25.627365 -25.627365 ... -25.627365 -25.627365 -25.627365]
[-25.627365 -25.627365 -25.627365 ... -25.627365 -25.627365 -25.627365]
[-25.627365 -25.627365 -25.627365 ... -25.627365 -25.627365 -25.627365]
[-25.627365 -25.627365 -25.627365 ... -25.627365 -25.627365 -25.627365]
[-25.627365 -25.627365 -25.627365 ... -25.627365 -25.627365 -25.627365]
[-25.627365 -25.627365 -25.627365 ... -25.627365 -25.627365 -25.627365]
[-25.627365 -25.627365 -25.627365 ... -25.627365 -25.627365 -25.627365]
[-25.627365 -25.627365 -25.627365 ... -25.627365 -25.627365 -25.627365]
[-25.627365 -25.627365 -25.627365 ... -25.627365 -25.627365 -25.627365]
[-25.627365 -25.627365 -25.627365 ... -25.627365 -25.627365 -25.627365]
[-25.627365 -25.627365 -25.627365 ... -25.627365 -25.627365 -25.627365]
[-25.627365 -25.627365 -25.627365 ... -25.627365 -25.627365 -25.627365]
[-25.627365 -25.627365 -25.627365 ... -25.627365 -25.627365 -25.627365]
[-25.627365 -25.627365 -25.627365 ... -25.627365 -25.627365 -25.627365]
[-25.627365 -25.627365 -25.627365 ... -25.627365 -25.627365 -25.627365]
[-25.627365 -25.627365 -25.627365 ... -25.627365 -25.627365 -25.627365]
[-25.627365 -25.627365 -25.627365 ... -25.627365 -25.627365 -25.627365]
[-25.627365 -25.627365 -25.627365 ... -25.627365 -25.627365 -25.627365]
[-25.627365 -25.627365 -25.627365 ... -25.627365 -25.627365 -25.627365]
[-25.627365 -25.627365 -25.627365 ... -25.627365 -25.627365 -25.627365]
[-25.627365 -25.627365 -25.627365 ... -25.627365 -25.627365 -25.627365]
[-25.627365 -25.627365 -25.627365 ... -25.627365 -25.627365 -25.627365]
[-25.627365 -25.627365 -25.627365 ... -25.627365 -25.627365 -25.627365]
[-25.627365 -25.627365 -25.627365 ... -25.627365 -25.627365 -25.627365]
[-25.627365 -25.627365 -25.627365 ... -25.627365 -25.627365 -25.627365]
[-25.627365 -25.627365 -25.627365 ... -25.627365 -25.627365 -25.627365]
[-25.627365 -25.627365 -25.627365 ... -25.627365 -25.627365 -25.627365]
[-25.627365 -25.627365 -25.627365 ... -25.627365 -25.627365 -25.627365]
[-25.627365 -25.627365 -25.627365 ... -25.627365 -25.627365 -25.627365]
[-25.627365 -25.627365 -25.627365 ... -25.627365 -25.627365 -25.627365]
[-25.627365 -25.627365 -25.627365 ... -25.627365 -25.627365 -25.627365]
[-25.627365 -25.627365 -25.627365 ... -25.627365 -25.627365 -25.627365]
[-25.627365 -25.627365 -25.627365 ... -25.627365 -25.627365 -25.627365]
[-25.627365 -25.627365 -25.627365 ... -25.627365 -25.627365 -25.627365]
[-25.627365 -25.627365 -25.627365 ... -25.627365 -25.627365 -25.627365]
[-25.627365 -25.627365 -25.627365 ... -25.627365 -25.627365 -25.627365]
[-25.627365 -25.627365 -25.627365 ... -25.627365 -25.627365 -25.627365]
[-25.627365 -25.627365 -25.627365 ... -25.627365 -25.627365 -25.627365]
[-25.627365 -25.627365 -25.627365 ... -25.627365 -25.627365 -25.627365]
[-25.627365 -25.627365 -25.627365 ... -25.627365 -25.627365 -25.627365]
[-25.627365 -25.627365 -25.627365 ... -25.627365 -25.627365 -25.627365]
[-25.627365 -25.627365 -25.627365 ... -25.627365 -25.627365 -25.627365]
[-25.627365 -25.627365 -25.627365 ... -25.627365 -25.627365 -25.627365]
[-25.627365 -25.627365 -25.627365 ... -25.627365 -25.627365 -25.627365]
[-25.627365 -25.627365 -25.627365 ... -25.627365 -25.627365 -25.627365]
[-25.627365 -25.627365 -25.627365 ... -25.627365 -25.627365 -25.627365]
[-25.627365 -25.627365 -25.627365 ... -25.627365 -25.627365 -25.627365]
[-25.627365 -25.627365 -25.627365 ... -25.627365 -25.627365 -25.627365]
[-25.627365 -25.627365 -25.627365 ... -25.627365 -25.627365 -25.627365]
[-25.627365 -25.627365 -25.627365 ... -25.627365 -25.627365 -25.627365]
[-25.627365 -25.627365 -25.627365 ... -25.627365 -25.627365 -25.627365]
[-25.627365 -25.627365 -25.627365 ... -25.627365 -25.627365 -25.627365]
[-25.627365 -25.627365 -25.627365 ... -25.627365 -25.627365 -25.627365]
[-25.627365 -25.627365 -25.627365 ... -25.627365 -25.627365 -25.627365]
[-25.627365 -25.627365 -25.627365 ... -25.627365 -25.627365 -25.627365]
[-25.627365 -25.627365 -25.627365 ... -25.627365 -25.627365 -25.627365]
[-25.627365 -25.627365 -25.627365 ... -25.627365 -25.627365 -25.627365]
[-25.627365 -25.627365 -25.627365 ... -25.627365 -25.627365 -25.627365]
[-25.627365 -25.627365 -25.627365 ... -25.627365 -25.627365 -25.627365]
[-25.627365 -25.627365 -25.627365 ... -25.627365 -25.627365 -25.627365]
[-25.627365 -25.627365 -25.627365 ... -25.627365 -25.627365 -25.627365]
[-25.627365 -25.627365 -25.627365 ... -25.627365 -25.627365 -25.627365]
[-25.627365 -25.627365 -25.627365 ... -25.627365 -25.627365 -25.627365]
[-25.627365 -25.627365 -25.627365 ... -25.627365 -25.627365 -25.627365]
[-25.627365 -25.627365 -25.627365 ... -25.627365 -25.627365 -25.627365]
[-25.627365 -25.627365 -25.627365 ... -25.627365 -25.627365 -25.627365]
[-25.627365 -25.627365 -25.627365 ... -25.627365 -25.627365 -25.627365]
[-25.627365 -25.627365 -25.627365 ... -25.627365 -25.627365 -25.627365]
[-25.627365 -25.627365 -25.627365 ... -25.627365 -25.627365 -25.627365]
[-25.627365 -25.627365 -25.627365 ... -25.627365 -25.627365 -25.627365]
[-25.627365 -25.627365 -25.627365 ... -25.627365 -25.627365 -25.627365]
[-25.627365 -25.627365 -25.627365 ... -25.627365 -25.627365 -25.627365]
[-25.627365 -25.627365 -25.627365 ... -25.627365 -25.627365 -25.627365]
[-25.627365 -25.627365 -25.627365 ... -25.627365 -25.627365 -25.627365]
[-25.627365 -25.627365 -25.627365 ... -25.627365 -25.627365 -25.627365]
[-25.627365 -25.627365 -25.627365 ... -25.627365 -25.627365 -25.627365]
[-25.627365 -25.627365 -25.627365 ... -25.627365 -25.627365 -25.627365]
[-25.627365 -25.627365 -25.627365 ... -25.627365 -25.627365 -25.627365]
[-25.627365 -25.627365 -25.627365 ... -25.627365 -25.627365 -25.627365]
[-25.627365 -25.627365 -25.627365 ... -25.627365 -25.627365 -25.627365]
[-25.627365 -25.627365 -25.627365 ... -25.627365 -25.627365 -25.627365]
[-25.627365 -25.627365 -25.627365 ... -25.627365 -25.627365 -25.627365]
[-25.627365 -25.627365 -25.627365 ... -25.627365 -25.627365 -25.627365]
[-25.627365 -25.627365 -25.627365 ... -25.627365 -25.627365 -25.627365]
[-25.627365 -25.627365 -25.627365 ... -25.627365 -25.627365 -25.627365]
[-25.627365 -25.627365 -25.627365 ... -25.627365 -25.627365 -25.627365]
[-25.627365 -25.627365 -25.627365 ... -25.627365 -25.627365 -25.627365]
[-25.627365 -25.627365 -25.627365 ... -25.627365 -25.627365 -25.627365]
[-25.627365 -25.627365 -25.627365 ... -25.627365 -25.627365 -25.627365]
[-25.627365 -25.627365 -25.627365 ... -25.627365 -25.627365 -25.627365]
[-25.627365 -25.627365 -25.627365 ... -25.627365 -25.627365 -25.627365]
[-25.627365 -25.627365 -25.627365 ... -25.627365 -25.627365 -25.627365]
[-25.627365 -25.627365 -25.627365 ... -25.627365 -25.627365 -25.627365]
[-25.627365 -25.627365 -25.627365 ... -25.627365 -25.627365 -25.627365]
[-25.627365 -25.627365 -25.627365 ... -25.627365 -25.627365 -25.627365]
[-25.627365 -25.627365 -25.627365 ... -25.627365 -25.627365 -25.627365]
[-25.627365 -25.627365 -25.627365 ... -25.627365 -25.627365 -25.627365]
[-25.627365 -25.627365 -25.627365 ... -25.627365 -25.627365 -25.627365]
[-25.627365 -25.627365 -25.627365 ... -25.627365 -25.627365 -25.627365]
[-25.627365 -25.627365 -25.627365 ... -25.627365 -25.627365 -25.627365]
[-25.627365 -25.627365 -25.627365 ... -25.627365 -25.627365 -25.627365]
[-25.627365 -25.627365 -25.627365 ... -25.627365 -25.627365 -25.627365]
[-25.627365 -25.627365 -25.627365 ... -25.627365 -25.627365 -25.627365]
[-25.627365 -25.627365 -25.627365 ... -25.627365 -25.627365 -25.627365]
[-25.627365 -25.627365 -25.627365 ... -25.627365 -25.627365 -25.627365]
[-25.627365 -25.627365 -25.627365 ... -25.627365 -25.627365 -25.627365]
[-25.627365 -25.627365 -25.627365 ... -25.627365 -25.627365 -25.627365]
[-25.627365 -25.627365 -25.627365 ... -25.627365 -25.627365 -25.627365]
[-25.627365 -25.627365 -25.627365 ... -25.627365 -25.627365 -25.627365]
[-25.627365 -25.627365 -25.627365 ... -25.627365 -25.627365 -25.627365]
[-25.627365 -25.627365 -25.627365 ... -25.627365 -25.627365 -25.627365]
[-25.627365 -25.627365 -25.627365 ... -25.627365 -25.627365 -25.627365]
[-25.627365 -25.627365 -25.627365 ... -25.627365 -25.627365 -25.627365]
[-25.627365 -25.627365 -25.627365 ... -25.627365 -25.627365 -25.627365]
[-25.627365 -25.627365 -25.627365 ... -25.627365 -25.627365 -25.627365]
[-25.627365 -25.627365 -25.627365 ... -25.627365 -25.627365 -25.627365]
[-25.627365 -25.627365 -25.627365 ... -25.627365 -25.627365 -25.627365]
[-25.627365 -25.627365 -25.627365 ... -25.627365 -25.627365 -25.627365]
[-25.627365 -25.627365 -25.627365 ... -25.627365 -25.627365 -25.627365]
[-25.627365 -25.627365 -25.627365 ... -25.627365 -25.627365 -25.627365]
[-25.627365 -25.627365 -25.627365 ... -25.627365 -25.627365 -25.627365]
[-25.627365 -25.627365 -25.627365 ... -25.627365 -25.627365 -25.627365]
[-25.627365 -25.627365 -25.627365 ... -25.627365 -25.627365 -25.627365]
[-25.627365 -25.627365 -25.627365 ... -25.627365 -25.627365 -25.627365]
[-25.627365 -25.627365 -25.627365 ... -25.627365 -25.627365 -25.627365]
[-25.627365 -25.627365 -25.627365 ... -25.627365 -25.627365 -25.627365]
[-25.627365 -25.627365 -25.627365 ... -25.627365 -25.627365 -25.627365]
[-25.627365 -25.627365 -25.627365 ... -25.627365 -25.627365 -25.627365]
[-25.627365 -25.627365 -25.627365 ... -25.627365 -25.627365 -25.627365]
[-25.627365 -25.627365 -25.627365 ... -25.627365 -25.627365 -25.627365]
[-25.627365 -25.627365 -25.627365 ... -25.627365 -25.627365 -25.627365]
[-25.627365 -25.627365 -25.627365 ... -25.627365 -25.627365 -25.627365]
[-25.627365 -25.627365 -25.627365 ... -25.627365 -25.627365 -25.627365]
[-25.627365 -25.627365 -25.627365 ... -25.627365 -25.627365 -25.627365]
[-25.627365 -25.627365 -25.627365 ... -25.627365 -25.627365 -25.627365]
[-25.627365 -25.627365 -25.627365 ... -25.627365 -25.627365 -25.627365]
[-25.627365 -25.627365 -25.627365 ... -25.627365 -25.627365 -25.627365]
[-25.627365 -25.627365 -25.627365 ... -25.627365 -25.627365 -25.627365]
[-25.627365 -25.627365 -25.627365 ... -25.627365 -25.627365 -25.627365]
[-25.627365 -25.627365 -25.627365 ... -25.627365 -25.627365 -25.627365]
[-25.627365 -25.627365 -25.627365 ... -25.627365 -25.627365 -25.627365]
[-25.627365 -25.627365 -25.627365 ... -25.627365 -25.627365 -25.627365]
[-25.627365 -25.627365 -25.627365 ... -25.627365 -25.627365 -25.627365]
[-25.627365 -25.627365 -25.627365 ... -25.627365 -25.627365 -25.627365]
[-25.627365 -25.627365 -25.627365 ... -25.627365 -25.627365 -25.627365]
[-25.627365 -25.627365 -25.627365 ... -25.627365 -25.627365 -25.627365]
[-25.627365 -25.627365 -25.627365 ... -25.627365 -25.627365 -25.627365]
[-25.627365 -25.627365 -25.627365 ... -25.627365 -25.627365 -25.627365]
[-25.627365 -25.627365 -25.627365 ... -25.627365 -25.627365 -25.627365]
[-25.627365 -25.627365 -25.627365 ... -25.627365 -25.627365 -25.627365]
[-25.627365 -25.627365 -25.627365 ... -25.627365 -25.627365 -25.627365]
[-25.627365 -25.627365 -25.627365 ... -25.627365 -25.627365 -25.627365]
[-25.627365 -25.627365 -25.627365 ... -25.627365 -25.627365 -25.627365]
[-25.627365 -25.627365 -25.627365 ... -25.627365 -25.627365 -25.627365]
[-25.627365 -25.627365 -25.627365 ... -25.627365 -25.627365 -25.627365]
[-25.627365 -25.627365 -25.627365 ... -25.627365 -25.627365 -25.627365]
[-25.627365 -25.627365 -25.627365 ... -25.627365 -25.627365 -25.627365]
[-25.627365 -25.627365 -25.627365 ... -25.627365 -25.627365 -25.627365]
[-25.627365 -25.627365 -25.627365 ... -25.627365 -25.627365 -25.627365]
[-25.627365 -25.627365 -25.627365 ... -25.627365 -25.627365 -25.627365]
[-25.627365 -25.627365 -25.627365 ... -25.627365 -25.627365 -25.627365]
[-25.627365 -25.627365 -25.627365 ... -25.627365 -25.627365 -25.627365]
[-25.627365 -25.627365 -25.627365 ... -25.627365 -25.627365 -25.627365]
[-25.627365 -25.627365 -25.627365 ... -25.627365 -25.627365 -25.627365]
[-25.627365 -25.627365 -25.627365 ... -25.627365 -25.627365 -25.627365]
[-25.627365 -25.627365 -25.627365 ... -25.627365 -25.627365 -25.627365]
[-25.627365 -25.627365 -25.627365 ... -25.627365 -25.627365 -25.627365]
[-25.627365 -25.627365 -25.627365 ... -25.627365 -25.627365 -25.627365]
[-25.627365 -25.627365 -25.627365 ... -25.627365 -25.627365 -25.627365]
[-25.627365 -25.627365 -25.627365 ... -25.627365 -25.627365 -25.627365]
[-25.627365 -25.627365 -25.627365 ... -25.627365 -25.627365 -25.627365]
[-25.627365 -25.627365 -25.627365 ... -25.627365 -25.627365 -25.627365]
[-25.627365 -25.627365 -25.627365 ... -25.627365 -25.627365 -25.627365]
[-25.627365 -25.627365 -25.627365 ... -25.627365 -25.627365 -25.627365]
[-25.627365 -25.627365 -25.627365 ... -25.627365 -25.627365 -25.627365]
[-25.627365 -25.627365 -25.627365 ... -25.627365 -25.627365 -25.627365]
[-25.627365 -25.627365 -25.627365 ... -25.627365 -25.627365 -25.627365]
[-25.627365 -25.627365 -25.627365 ... -25.627365 -25.627365 -25.627365]
[-25.627365 -25.627365 -25.627365 ... -25.627365 -25.627365 -25.627365]
[-25.627365 -25.627365 -25.627365 ... -25.627365 -25.627365 -25.627365]
[-25.627365 -25.627365 -25.627365 ... -25.627365 -25.627365 -25.627365]
[-25.627365 -25.627365 -25.627365 ... -25.627365 -25.627365 -25.627365]
[-25.627365 -25.627365 -25.627365 ... -25.627365 -25.627365 -25.627365]
[-25.627365 -25.627365 -25.627365 ... -25.627365 -25.627365 -25.627365]
[-25.627365 -25.627365 -25.627365 ... -25.627365 -25.627365 -25.627365]
[-25.627365 -25.627365 -25.627365 ... -25.627365 -25.627365 -25.627365]
[-25.627365 -25.627365 -25.627365 ... -25.627365 -25.627365 -25.627365]
[-25.627365 -25.627365 -25.627365 ... -25.627365 -25.627365 -25.627365]
[-25.627365 -25.627365 -25.627365 ... -25.627365 -25.627365 -25.627365]
[-25.627365 -25.627365 -25.627365 ... -25.627365 -25.627365 -25.627365]
[-25.627365 -25.627365 -25.627365 ... -25.627365 -25.627365 -25.627365]
[-25.627365 -25.627365 -25.627365 ... -25.627365 -25.627365 -25.627365]
[-25.627365 -25.627365 -25.627365 ... -25.627365 -25.627365 -25.627365]
[-25.627365 -25.627365 -25.627365 ... -25.627365 -25.627365 -25.627365]
[-25.627365 -25.627365 -25.627365 ... -25.627365 -25.627365 -25.627365]
[-25.627365 -25.627365 -25.627365 ... -25.627365 -25.627365 -25.627365]
[-25.627365 -25.627365 -25.627365 ... -25.627365 -25.627365 -25.627365]
[-25.627365 -25.627365 -25.627365 ... -25.627365 -25.627365 -25.627365]
[-25.627365 -25.627365 -25.627365 ... -25.627365 -25.627365 -25.627365]
[-25.627365 -25.627365 -25.627365 ... -25.627365 -25.627365 -25.627365]
[-25.627365 -25.627365 -25.627365 ... -25.627365 -25.627365 -25.627365]
[-25.627365 -25.627365 -25.627365 ... -25.627365 -25.627365 -25.627365]
[-25.627365 -25.627365 -25.627365 ... -25.627365 -25.627365 -25.627365]
[-25.627365 -25.627365 -25.627365 ... -25.627365 -25.627365 -25.627365]
[-25.627365 -25.627365 -25.627365 ... -25.627365 -25.627365 -25.627365]
[-25.627365 -25.627365 -25.627365 ... -25.627365 -25.627365 -25.627365]
[-25.627365 -25.627365 -25.627365 ... -25.627365 -25.627365 -25.627365]
[-25.627365 -25.627365 -25.627365 ... -25.627365 -25.627365 -25.627365]
[-25.627365 -25.627365 -25.627365 ... -25.627365 -25.627365 -25.627365]
[-25.627365 -25.627365 -25.627365 ... -25.627365 -25.627365 -25.627365]
[-25.627365 -25.627365 -25.627365 ... -25.627365 -25.627365 -25.627365]
[-25.627365 -25.627365 -25.627365 ... -25.627365 -25.627365 -25.627365]
[-25.627365 -25.627365 -25.627365 ... -25.627365 -25.627365 -25.627365]
[-25.627365 -25.627365 -25.627365 ... -25.627365 -25.627365 -25.627365]
[-25.627365 -25.627365 -25.627365 ... -25.627365 -25.627365 -25.627365]
[-25.627365 -25.627365 -25.627365 ... -25.627365 -25.627365 -25.627365]
[-25.627365 -25.627365 -25.627365 ... -25.627365 -25.627365 -25.627365]
[-25.627365 -25.627365 -25.627365 ... -25.627365 -25.627365 -25.627365]
[-25.627365 -25.627365 -25.627365 ... -25.627365 -25.627365 -25.627365]
[-25.627365 -25.627365 -25.627365 ... -25.627365 -25.627365 -25.627365]
[-25.627365 -25.627365 -25.627365 ... -25.627365 -25.627365 -25.627365]
[-25.627365 -25.627365 -25.627365 ... -25.627365 -25.627365 -25.627365]
[-25.627365 -25.627365 -25.627365 ... -25.627365 -25.627365 -25.627365]
[-25.627365 -25.627365 -25.627365 ... -25.627365 -25.627365 -25.627365]
[-25.627365 -25.627365 -25.627365 ... -25.627365 -25.627365 -25.627365]
[-25.627365 -25.627365 -25.627365 ... -25.627365 -25.627365 -25.627365]
[-25.627365 -25.627365 -25.627365 ... -25.627365 -25.627365 -25.627365]
[-25.627365 -25.627365 -25.627365 ... -25.627365 -25.627365 -25.627365]
[-25.627365 -25.627365 -25.627365 ... -25.627365 -25.627365 -25.627365]
[-25.627365 -25.627365 -25.627365 ... -25.627365 -25.627365 -25.627365]
[-25.627365 -25.627365 -25.627365 ... -25.627365 -25.627365 -25.627365]
[-25.627365 -25.627365 -25.627365 ... -25.627365 -25.627365 -25.627365]
[-25.627365 -25.627365 -25.627365 ... -25.627365 -25.627365 -25.627365]
[-25.627365 -25.627365 -25.627365 ... -25.627365 -25.627365 -25.627365]
[-25.627365 -25.627365 -25.627365 ... -25.627365 -25.627365 -25.627365]
[-25.627365 -25.627365 -25.627365 ... -25.627365 -25.627365 -25.627365]
[-25.627365 -25.627365 -25.627365 ... -25.627365 -25.627365 -25.627365]
[-25.627365 -25.627365 -25.627365 ... -25.627365 -25.627365 -25.627365]
[-25.627365 -25.627365 -25.627365 ... -25.627365 -25.627365 -25.627365]
[-25.627365 -25.627365 -25.627365 ... -25.627365 -25.627365 -25.627365]
[-25.627365 -25.627365 -25.627365 ... -25.627365 -25.627365 -25.627365]
[-25.627365 -25.627365 -25.627365 ... -25.627365 -25.627365 -25.627365]
[-25.627365 -25.627365 -25.627365 ... -25.627365 -25.627365 -25.627365]
[-25.627365 -25.627365 -25.627365 ... -25.627365 -25.627365 -25.627365]
[-25.627365 -25.627365 -25.627365 ... -25.627365 -25.627365 -25.627365]
[-25.627365 -25.627365 -25.627365 ... -25.627365 -25.627365 -25.627365]
[-25.627365 -25.627365 -25.627365 ... -25.627365 -25.627365 -25.627365]
[-25.627365 -25.627365 -25.627365 ... -25.627365 -25.627365 -25.627365]
[-25.627365 -25.627365 -25.627365 ... -25.627365 -25.627365 -25.627365]
[-25.627365 -25.627365 -25.627365 ... -25.627365 -25.627365 -25.627365]
[-25.627365 -25.627365 -25.627365 ... -25.627365 -25.627365 -25.627365]
[-25.627365 -25.627365 -25.627365 ... -25.627365 -25.627365 -25.627365]
[-25.627365 -25.627365 -25.627365 ... -25.627365 -25.627365 -25.627365]
[-25.627365 -25.627365 -25.627365 ... -25.627365 -25.627365 -25.627365]
[-25.627365 -25.627365 -25.627365 ... -25.627365 -25.627365 -25.627365]
[-25.627365 -25.627365 -25.627365 ... -25.627365 -25.627365 -25.627365]
[-25.627365 -25.627365 -25.627365 ... -25.627365 -25.627365 -25.627365]
[-25.627365 -25.627365 -25.627365 ... -25.627365 -25.627365 -25.627365]
[-25.627365 -25.627365 -25.627365 ... -25.627365 -25.627365 -25.627365]
[-25.627365 -25.627365 -25.627365 ... -25.627365 -25.627365 -25.627365]
[-25.627365 -25.627365 -25.627365 ... -25.627365 -25.627365 -25.627365]
[-25.627365 -25.627365 -25.627365 ... -25.627365 -25.627365 -25.627365]
[-25.627365 -25.627365 -25.627365 ... -25.627365 -25.627365 -25.627365]
[-25.627365 -25.627365 -25.627365 ... -25.627365 -25.627365 -25.627365]
[-25.627365 -25.627365 -25.627365 ... -25.627365 -25.627365 -25.627365]
[-25.627365 -25.627365 -25.627365 ... -25.627365 -25.627365 -25.627365]
[-25.627365 -25.627365 -25.627365 ... -25.627365 -25.627365 -25.627365]
[-25.627365 -25.627365 -25.627365 ... -25.627365 -25.627365 -25.627365]
[-25.627365 -25.627365 -25.627365 ... -25.627365 -25.627365 -25.627365]
[-25.627365 -25.627365 -25.627365 ... -25.627365 -25.627365 -25.627365]
[-25.627365 -25.627365 -25.627365 ... -25.627365 -25.627365 -25.627365]
[-25.627365 -25.627365 -25.627365 ... -25.627365 -25.627365 -25.627365]
[-25.627365 -25.627365 -25.627365 ... -25.627365 -25.627365 -25.627365]
[-25.627365 -25.627365 -25.627365 ... -25.627365 -25.627365 -25.627365]
[-25.627365 -25.627365 -25.627365 ... -25.627365 -25.627365 -25.627365]
[-25.627365 -25.627365 -25.627365 ... -25.627365 -25.627365 -25.627365]
[-25.627365 -25.627365 -25.627365 ... -25.627365 -25.627365 -25.627365]
[-25.627365 -25.627365 -25.627365 ... -25.627365 -25.627365 -25.627365]
[-25.627365 -25.627365 -25.627365 ... -25.627365 -25.627365 -25.627365]
[-25.627365 -25.627365 -25.627365 ... -25.627365 -25.627365 -25.627365]
[-25.627365 -25.627365 -25.627365 ... -25.627365 -25.627365 -25.627365]
[-25.627365 -25.627365 -25.627365 ... -25.627365 -25.627365 -25.627365]
[-25.627365 -25.627365 -25.627365 ... -25.627365 -25.627365 -25.627365]
[-25.627365 -25.627365 -25.627365 ... -25.627365 -25.627365 -25.627365]
[-25.627365 -25.627365 -25.627365 ... -25.627365 -25.627365 -25.627365]
[-25.627365 -25.627365 -25.627365 ... -25.627365 -25.627365 -25.627365]
[-25.627365 -25.627365 -25.627365 ... -25.627365 -25.627365 -25.627365]
[-25.627365 -25.627365 -25.627365 ... -25.627365 -25.627365 -25.627365]
[-25.627365 -25.627365 -25.627365 ... -25.627365 -25.627365 -25.627365]
[-25.627365 -25.627365 -25.627365 ... -25.627365 -25.627365 -25.627365]
[-25.627365 -25.627365 -25.627365 ... -25.627365 -25.627365 -25.627365]
[-25.627365 -25.627365 -25.627365 ... -25.627365 -25.627365 -25.627365]
[-25.627365 -25.627365 -25.627365 ... -25.627365 -25.627365 -25.627365]
[-25.627365 -25.627365 -25.627365 ... -25.627365 -25.627365 -25.627365]
[-25.627365 -25.627365 -25.627365 ... -25.627365 -25.627365 -25.627365]
[-25.627365 -25.627365 -25.627365 ... -25.627365 -25.627365 -25.627365]
[-25.627365 -25.627365 -25.627365 ... -25.627365 -25.627365 -25.627365]
[-25.627365 -25.627365 -25.627365 ... -25.627365 -25.627365 -25.627365]
[-25.627365 -25.627365 -25.627365 ... -25.627365 -25.627365 -25.627365]
[-25.627365 -25.627365 -25.627365 ... -25.627365 -25.627365 -25.627365]
[-25.627365 -25.627365 -25.627365 ... -25.627365 -25.627365 -25.627365]
[-25.627365 -25.627365 -25.627365 ... -25.627365 -25.627365 -25.627365]
[-25.627365 -25.627365 -25.627365 ... -25.627365 -25.627365 -25.627365]
[-25.627365 -25.627365 -25.627365 ... -25.627365 -25.627365 -25.627365]
[-25.627365 -25.627365 -25.627365 ... -25.627365 -25.627365 -25.627365]
[-25.627365 -25.627365 -25.627365 ... -25.627365 -25.627365 -25.627365]
[-25.627365 -25.627365 -25.627365 ... -25.627365 -25.627365 -25.627365]
[-25.627365 -25.627365 -25.627365 ... -25.627365 -25.627365 -25.627365]
[-25.627365 -25.627365 -25.627365 ... -25.627365 -25.627365 -25.627365]
[-25.627365 -25.627365 -25.627365 ... -25.627365 -25.627365 -25.627365]
[-25.627365 -25.627365 -25.627365 ... -25.627365 -25.627365 -25.627365]
[-25.627365 -25.627365 -25.627365 ... -25.627365 -25.627365 -25.627365]
[-25.627365 -25.627365 -25.627365 ... -25.627365 -25.627365 -25.627365]
[-25.627365 -25.627365 -25.627365 ... -25.627365 -25.627365 -25.627365]
[-25.627365 -25.627365 -25.627365 ... -25.627365 -25.627365 -25.627365]
[-25.627365 -25.627365 -25.627365 ... -25.627365 -25.627365 -25.627365]
[-25.627365 -25.627365 -25.627365 ... -25.627365 -25.627365 -25.627365]
[-25.627365 -25.627365 -25.627365 ... -25.627365 -25.627365 -25.627365]
[-25.627365 -25.627365 -25.627365 ... -25.627365 -25.627365 -25.627365]
[-25.627365 -25.627365 -25.627365 ... -25.627365 -25.627365 -25.627365]
[-25.627365 -25.627365 -25.627365 ... -25.627365 -25.627365 -25.627365]
[-25.627365 -25.627365 -25.627365 ... -25.627365 -25.627365 -25.627365]
[-25.627365 -25.627365 -25.627365 ... -25.627365 -25.627365 -25.627365]
[-25.627365 -25.627365 -25.627365 ... -25.627365 -25.627365 -25.627365]
[-25.627365 -25.627365 -25.627365 ... -25.627365 -25.627365 -25.627365]
[-25.627365 -25.627365 -25.627365 ... -25.627365 -25.627365 -25.627365]
[-25.627365 -25.627365 -25.627365 ... -25.627365 -25.627365 -25.627365]
[-25.627365 -25.627365 -25.627365 ... -25.627365 -25.627365 -25.627365]
[-25.627365 -25.627365 -25.627365 ... -25.627365 -25.627365 -25.627365]
[-25.627365 -25.627365 -25.627365 ... -25.627365 -25.627365 -25.627365]
[-25.627365 -25.627365 -25.627365 ... -25.627365 -25.627365 -25.627365]
[-25.627365 -25.627365 -25.627365 ... -25.627365 -25.627365 -25.627365]
[-25.627365 -25.627365 -25.627365 ... -25.627365 -25.627365 -25.627365]
[-25.627365 -25.627365 -25.627365 ... -25.627365 -25.627365 -25.627365]
[-25.627365 -25.627365 -25.627365 ... -25.627365 -25.627365 -25.627365]
[-25.627365 -25.627365 -25.627365 ... -25.627365 -25.627365 -25.627365]
[-25.627365 -25.627365 -25.627365 ... -25.627365 -25.627365 -25.627365]
[-25.627365 -25.627365 -25.627365 ... -25.627365 -25.627365 -25.627365]
[-25.627365 -25.627365 -25.627365 ... -25.627365 -25.627365 -25.627365]
[-25.627365 -25.627365 -25.627365 ... -25.627365 -25.627365 -25.627365]
[-25.627365 -25.627365 -25.627365 ... -25.627365 -25.627365 -25.627365]
[-25.627365 -25.627365 -25.627365 ... -25.627365 -25.627365 -25.627365]
[-25.627365 -25.627365 -25.627365 ... -25.627365 -25.627365 -25.627365]
[-25.627365 -25.627365 -25.627365 ... -25.627365 -25.627365 -25.627365]
[-25.627365 -25.627365 -25.627365 ... -25.627365 -25.627365 -25.627365]
[-25.627365 -25.627365 -25.627365 ... -25.627365 -25.627365 -25.627365]
[-25.627365 -25.627365 -25.627365 ... -25.627365 -25.627365 -25.627365]
[-25.627365 -25.627365 -25.627365 ... -25.627365 -25.627365 -25.627365]
[-25.627365 -25.627365 -25.627365 ... -25.627365 -25.627365 -25.627365]
[-25.627365 -25.627365 -25.627365 ... -25.627365 -25.627365 -25.627365]
[-25.627365 -25.627365 -25.627365 ... -25.627365 -25.627365 -25.627365]
[-25.627365 -25.627365 -25.627365 ... -25.627365 -25.627365 -25.627365]
[-25.627365 -25.627365 -25.627365 ... -25.627365 -25.627365 -25.627365]
[-25.627365 -25.627365 -25.627365 ... -25.627365 -25.627365 -25.627365]
[-25.627365 -25.627365 -25.627365 ... -25.627365 -25.627365 -25.627365]
[-25.627365 -25.627365 -25.627365 ... -25.627365 -25.627365 -25.627365]
[-25.627365 -25.627365 -25.627365 ... -25.627365 -25.627365 -25.627365]
[-25.627365 -25.627365 -25.627365 ... -25.627365 -25.627365 -25.627365]
[-25.627365 -25.627365 -25.627365 ... -25.627365 -25.627365 -25.627365]
[-25.627365 -25.627365 -25.627365 ... -25.627365 -25.627365 -25.627365]
[-25.627365 -25.627365 -25.627365 ... -25.627365 -25.627365 -25.627365]
[-25.627365 -25.627365 -25.627365 ... -25.627365 -25.627365 -25.627365]
[-25.627365 -25.627365 -25.627365 ... -25.627365 -25.627365 -25.627365]
[-25.627365 -25.627365 -25.627365 ... -25.627365 -25.627365 -25.627365]
[-25.627365 -25.627365 -25.627365 ... -25.627365 -25.627365 -25.627365]
[-25.627365 -25.627365 -25.627365 ... -25.627365 -25.627365 -25.627365]
[-25.627365 -25.627365 -25.627365 ... -25.627365 -25.627365 -25.627365]
[-25.627365 -25.627365 -25.627365 ... -25.627365 -25.627365 -25.627365]
[-25.627365 -25.627365 -25.627365 ... -25.627365 -25.627365 -25.627365]
[-25.627365 -25.627365 -25.627365 ... -25.627365 -25.627365 -25.627365]
[-25.627365 -25.627365 -25.627365 ... -25.627365 -25.627365 -25.627365]
[-25.627365 -25.627365 -25.627365 ... -25.627365 -25.627365 -25.627365]
[-25.627365 -25.627365 -25.627365 ... -25.627365 -25.627365 -25.627365]
[-25.627365 -25.627365 -25.627365 ... -25.627365 -25.627365 -25.627365]
[-25.627365 -25.627365 -25.627365 ... -25.627365 -25.627365 -25.627365]
[-25.627365 -25.627365 -25.627365 ... -25.627365 -25.627365 -25.627365]
[-25.627365 -25.627365 -25.627365 ... -25.627365 -25.627365 -25.627365]
[-25.627365 -25.627365 -25.627365 ... -25.627365 -25.627365 -25.627365]
[-25.627365 -25.627365 -25.627365 ... -25.627365 -25.627365 -25.627365]
[-25.627365 -25.627365 -25.627365 ... -25.627365 -25.627365 -25.627365]
[-25.627365 -25.627365 -25.627365 ... -25.627365 -25.627365 -25.627365]
[-25.627365 -25.627365 -25.627365 ... -25.627365 -25.627365 -25.627365]
[-25.627365 -25.627365 -25.627365 ... -25.627365 -25.627365 -25.627365]
[-25.627365 -25.627365 -25.627365 ... -25.627365 -25.627365 -25.627365]
[-25.627365 -25.627365 -25.627365 ... -25.627365 -25.627365 -25.627365]
[-25.627365 -25.627365 -25.627365 ... -25.627365 -25.627365 -25.627365]
[-25.627365 -25.627365 -25.627365 ... -25.627365 -25.627365 -25.627365]
[-25.627365 -25.627365 -25.627365 ... -25.627365 -25.627365 -25.627365]
[-25.627365 -25.627365 -25.627365 ... -25.627365 -25.627365 -25.627365]
[-25.627365 -25.627365 -25.627365 ... -25.627365 -25.627365 -25.627365]
[-25.627365 -25.627365 -25.627365 ... -25.627365 -25.627365 -25.627365]
[-25.627365 -25.627365 -25.627365 ... -25.627365 -25.627365 -25.627365]
[-25.627365 -25.627365 -25.627365 ... -25.627365 -25.627365 -25.627365]
[-25.627365 -25.627365 -25.627365 ... -25.627365 -25.627365 -25.627365]
[-25.627365 -25.627365 -25.627365 ... -25.627365 -25.627365 -25.627365]
[-25.627365 -25.627365 -25.627365 ... -25.627365 -25.627365 -25.627365]
[-25.627365 -25.627365 -25.627365 ... -25.627365 -25.627365 -25.627365]
[-25.627365 -25.627365 -25.627365 ... -25.627365 -25.627365 -25.627365]
[-25.627365 -25.627365 -25.627365 ... -25.627365 -25.627365 -25.627365]
[-25.627365 -25.627365 -25.627365 ... -25.627365 -25.627365 -25.627365]
[-25.627365 -25.627365 -25.627365 ... -25.627365 -25.627365 -25.627365]
[-25.627365 -25.627365 -25.627365 ... -25.627365 -25.627365 -25.627365]
[-25.627365 -25.627365 -25.627365 ... -25.627365 -25.627365 -25.627365]
[-25.627365 -25.627365 -25.627365 ... -25.627365 -25.627365 -25.627365]
[-25.627365 -25.627365 -25.627365 ... -25.627365 -25.627365 -25.627365]
[-25.627365 -25.627365 -25.627365 ... -25.627365 -25.627365 -25.627365]
[-25.627365 -25.627365 -25.627365 ... -25.627365 -25.627365 -25.627365]
[-25.627365 -25.627365 -25.627365 ... -25.627365 -25.627365 -25.627365]
[-25.627365 -25.627365 -25.627365 ... -25.627365 -25.627365 -25.627365]
[-25.627365 -25.627365 -25.627365 ... -25.627365 -25.627365 -25.627365]
[-25.627365 -25.627365 -25.627365 ... -25.627365 -25.627365 -25.627365]
[-25.627365 -25.627365 -25.627365 ... -25.627365 -25.627365 -25.627365]
[-25.627365 -25.627365 -25.627365 ... -25.627365 -25.627365 -25.627365]
[-25.627365 -25.627365 -25.627365 ... -25.627365 -25.627365 -25.627365]
[-25.627365 -25.627365 -25.627365 ... -25.627365 -25.627365 -25.627365]
[-25.627365 -25.627365 -25.627365 ... -25.627365 -25.627365 -25.627365]
[-25.627365 -25.627365 -25.627365 ... -25.627365 -25.627365 -25.627365]
[-25.627365 -25.627365 -25.627365 ... -25.627365 -25.627365 -25.627365]
[-25.627365 -25.627365 -25.627365 ... -25.627365 -25.627365 -25.627365]
[-25.627365 -25.627365 -25.627365 ... -25.627365 -25.627365 -25.627365]
[-25.627365 -25.627365 -25.627365 ... -25.627365 -25.627365 -25.627365]
[-25.627365 -25.627365 -25.627365 ... -25.627365 -25.627365 -25.627365]
[-25.627365 -25.627365 -25.627365 ... -25.627365 -25.627365 -25.627365]
[-25.627365 -25.627365 -25.627365 ... -25.627365 -25.627365 -25.627365]
[-25.627365 -25.627365 -25.627365 ... -25.627365 -25.627365 -25.627365]
[-25.627365 -25.627365 -25.627365 ... -25.627365 -25.627365 -25.627365]
[-25.627365 -25.627365 -25.627365 ... -25.627365 -25.627365 -25.627365]
[-25.627365 -25.627365 -25.627365 ... -25.627365 -25.627365 -25.627365]
[-25.627365 -25.627365 -25.627365 ... -25.627365 -25.627365 -25.627365]
[-25.627365 -25.627365 -25.627365 ... -25.627365 -25.627365 -25.627365]
[-25.627365 -25.627365 -25.627365 ... -25.627365 -25.627365 -25.627365]
[-25.627365 -25.627365 -25.627365 ... -25.627365 -25.627365 -25.627365]
[-25.627365 -25.627365 -25.627365 ... -25.627365 -25.627365 -25.627365]
[-25.627365 -25.627365 -25.627365 ... -25.627365 -25.627365 -25.627365]
[-25.627365 -25.627365 -25.627365 ... -25.627365 -25.627365 -25.627365]
[-25.627365 -25.627365 -25.627365 ... -25.627365 -25.627365 -25.627365]
[-25.627365 -25.627365 -25.627365 ... -25.627365 -25.627365 -25.627365]
[-25.627365 -25.627365 -25.627365 ... -25.627365 -25.627365 -25.627365]
[-25.627365 -25.627365 -25.627365 ... -25.627365 -25.627365 -25.627365]
[-25.627365 -25.627365 -25.627365 ... -25.627365 -25.627365 -25.627365]
[-25.627365 -25.627365 -25.627365 ... -25.627365 -25.627365 -25.627365]
[-25.627365 -25.627365 -25.627365 ... -25.627365 -25.627365 -25.627365]
[-25.627365 -25.627365 -25.627365 ... -25.627365 -25.627365 -25.627365]
[-25.627365 -25.627365 -25.627365 ... -25.627365 -25.627365 -25.627365]
[-25.627365 -25.627365 -25.627365 ... -25.627365 -25.627365 -25.627365]
[-25.627365 -25.627365 -25.627365 ... -25.627365 -25.627365 -25.627365]
[-25.627365 -25.627365 -25.627365 ... -25.627365 -25.627365 -25.627365]
[-25.627365 -25.627365 -25.627365 ... -25.627365 -25.627365 -25.627365]
[-25.627365 -25.627365 -25.627365 ... -25.627365 -25.627365 -25.627365]
[-25.627365 -25.627365 -25.627365 ... -25.627365 -25.627365 -25.627365]
[-25.627365 -25.627365 -25.627365 ... -25.627365 -25.627365 -25.627365]
[-25.627365 -25.627365 -25.627365 ... -25.627365 -25.627365 -25.627365]
[-25.627365 -25.627365 -25.627365 ... -25.627365 -25.627365 -25.627365]
[-25.627365 -25.627365 -25.627365 ... -25.627365 -25.627365 -25.627365]
[-25.627365 -25.627365 -25.627365 ... -25.627365 -25.627365 -25.627365]
[-25.627365 -25.627365 -25.627365 ... -25.627365 -25.627365 -25.627365]
[-25.627365 -25.627365 -25.627365 ... -25.627365 -25.627365 -25.627365]
[-25.627365 -25.627365 -25.627365 ... -25.627365 -25.627365 -25.627365]
[-25.627365 -25.627365 -25.627365 ... -25.627365 -25.627365 -25.627365]
[-25.627365 -25.627365 -25.627365 ... -25.627365 -25.627365 -25.627365]
[-25.627365 -25.627365 -25.627365 ... -25.627365 -25.627365 -25.627365]
[-25.627365 -25.627365 -25.627365 ... -25.627365 -25.627365 -25.627365]
[-25.627365 -25.627365 -25.627365 ... -25.627365 -25.627365 -25.627365]
[-25.627365 -25.627365 -25.627365 ... -25.627365 -25.627365 -25.627365]
[-25.627365 -25.627365 -25.627365 ... -25.627365 -25.627365 -25.627365]
[-25.627365 -25.627365 -25.627365 ... -25.627365 -25.627365 -25.627365]
[-25.627365 -25.627365 -25.627365 ... -25.627365 -25.627365 -25.627365]
[-25.627365 -25.627365 -25.627365 ... -25.627365 -25.627365 -25.627365]
[-25.627365 -25.627365 -25.627365 ... -25.627365 -25.627365 -25.627365]
[-25.627365 -25.627365 -25.627365 ... -25.627365 -25.627365 -25.627365]
[-25.627365 -25.627365 -25.627365 ... -25.627365 -25.627365 -25.627365]
[-25.627365 -25.627365 -25.627365 ... -25.627365 -25.627365 -25.627365]
[-25.627365 -25.627365 -25.627365 ... -25.627365 -25.627365 -25.627365]
[-25.627365 -25.627365 -25.627365 ... -25.627365 -25.627365 -25.627365]
[-25.627365 -25.627365 -25.627365 ... -25.627365 -25.627365 -25.627365]
[-25.627365 -25.627365 -25.627365 ... -25.627365 -25.627365 -25.627365]
[-25.627365 -25.627365 -25.627365 ... -25.627365 -25.627365 -25.627365]
[-25.627365 -25.627365 -25.627365 ... -25.627365 -25.627365 -25.627365]
[-25.627365 -25.627365 -25.627365 ... -25.627365 -25.627365 -25.627365]
[-25.627365 -25.627365 -25.627365 ... -25.627365 -25.627365 -25.627365]
[-25.627365 -25.627365 -25.627365 ... -25.627365 -25.627365 -25.627365]
[-25.627365 -25.627365 -25.627365 ... -25.627365 -25.627365 -25.627365]
[-25.627365 -25.627365 -25.627365 ... -25.627365 -25.627365 -25.627365]
[-25.627365 -25.627365 -25.627365 ... -25.627365 -25.627365 -25.627365]
[-25.627365 -25.627365 -25.627365 ... -25.627365 -25.627365 -25.627365]
[-25.627365 -25.627365 -25.627365 ... -25.627365 -25.627365 -25.627365]
[-25.627365 -25.627365 -25.627365 ... -25.627365 -25.627365 -25.627365]
[-25.627365 -25.627365 -25.627365 ... -25.627365 -25.627365 -25.627365]
[-25.627365 -25.627365 -25.627365 ... -25.627365 -25.627365 -25.627365]
[-25.627365 -25.627365 -25.627365 ... -25.627365 -25.627365 -25.627365]
[-25.627365 -25.627365 -25.627365 ... -25.627365 -25.627365 -25.627365]
[-25.627365 -25.627365 -25.627365 ... -25.627365 -25.627365 -25.627365]
[-25.627365 -25.627365 -25.627365 ... -25.627365 -25.627365 -25.627365]
[-25.627365 -25.627365 -25.627365 ... -25.627365 -25.627365 -25.627365]
[-25.627365 -25.627365 -25.627365 ... -25.627365 -25.627365 -25.627365]
[-25.627365 -25.627365 -25.627365 ... -25.627365 -25.627365 -25.627365]
[-25.627365 -25.627365 -25.627365 ... -25.627365 -25.627365 -25.627365]
[-25.627365 -25.627365 -25.627365 ... -25.627365 -25.627365 -25.627365]
[-25.627365 -25.627365 -25.627365 ... -25.627365 -25.627365 -25.627365]
[-25.627365 -25.627365 -25.627365 ... -25.627365 -25.627365 -25.627365]
[-25.627365 -25.627365 -25.627365 ... -25.627365 -25.627365 -25.627365]
[-25.627365 -25.627365 -25.627365 ... -25.627365 -25.627365 -25.627365]
[-25.627365 -25.627365 -25.627365 ... -25.627365 -25.627365 -25.627365]
[-25.627365 -25.627365 -25.627365 ... -25.627365 -25.627365 -25.627365]
[-25.627365 -25.627365 -25.627365 ... -25.627365 -25.627365 -25.627365]
[-25.627365 -25.627365 -25.627365 ... -25.627365 -25.627365 -25.627365]
[-25.627365 -25.627365 -25.627365 ... -25.627365 -25.627365 -25.627365]
[-25.627365 -25.627365 -25.627365 ... -25.627365 -25.627365 -25.627365]
[-25.627365 -25.627365 -25.627365 ... -25.627365 -25.627365 -25.627365]
[-25.627365 -25.627365 -25.627365 ... -25.627365 -25.627365 -25.627365]
[-25.627365 -25.627365 -25.627365 ... -25.627365 -25.627365 -25.627365]
[-25.627365 -25.627365 -25.627365 ... -25.627365 -25.627365 -25.627365]
[-25.627365 -25.627365 -25.627365 ... -25.627365 -25.627365 -25.627365]
[-25.627365 -25.627365 -25.627365 ... -25.627365 -25.627365 -25.627365]
[-25.627365 -25.627365 -25.627365 ... -25.627365 -25.627365 -25.627365]
[-25.627365 -25.627365 -25.627365 ... -25.627365 -25.627365 -25.627365]
[-25.627365 -25.627365 -25.627365 ... -25.627365 -25.627365 -25.627365]
[-25.627365 -25.627365 -25.627365 ... -25.627365 -25.627365 -25.627365]
[-25.627365 -25.627365 -25.627365 ... -25.627365 -25.627365 -25.627365]
[-25.627365 -25.627365 -25.627365 ... -25.627365 -25.627365 -25.627365]
[-25.627365 -25.627365 -25.627365 ... -25.627365 -25.627365 -25.627365]
[-25.627365 -25.627365 -25.627365 ... -25.627365 -25.627365 -25.627365]
[-25.627365 -25.627365 -25.627365 ... -25.627365 -25.627365 -25.627365]
[-25.627365 -25.627365 -25.627365 ... -25.627365 -25.627365 -25.627365]
[-25.627365 -25.627365 -25.627365 ... -25.627365 -25.627365 -25.627365]
[-25.627365 -25.627365 -25.627365 ... -25.627365 -25.627365 -25.627365]
[-25.627365 -25.627365 -25.627365 ... -25.627365 -25.627365 -25.627365]
[-25.627365 -25.627365 -25.627365 ... -25.627365 -25.627365 -25.627365]
[-25.627365 -25.627365 -25.627365 ... -25.627365 -25.627365 -25.627365]
[-25.627365 -25.627365 -25.627365 ... -25.627365 -25.627365 -25.627365]
[-25.627365 -25.627365 -25.627365 ... -25.627365 -25.627365 -25.627365]
[-25.627365 -25.627365 -25.627365 ... -25.627365 -25.627365 -25.627365]
[-25.627365 -25.627365 -25.627365 ... -25.627365 -25.627365 -25.627365]
[-25.627365 -25.627365 -25.627365 ... -25.627365 -25.627365 -25.627365]
[-25.627365 -25.627365 -25.627365 ... -25.627365 -25.627365 -25.627365]
[-25.627365 -25.627365 -25.627365 ... -25.627365 -25.627365 -25.627365]
[-25.627365 -25.627365 -25.627365 ... -25.627365 -25.627365 -25.627365]
[-25.627365 -25.627365 -25.627365 ... -25.627365 -25.627365 -25.627365]
[-25.627365 -25.627365 -25.627365 ... -25.627365 -25.627365 -25.627365]
[-25.627365 -25.627365 -25.627365 ... -25.627365 -25.627365 -25.627365]
[-25.627365 -25.627365 -25.627365 ... -25.627365 -25.627365 -25.627365]
[-25.627365 -25.627365 -25.627365 ... -25.627365 -25.627365 -25.627365]
[-25.627365 -25.627365 -25.627365 ... -25.627365 -25.627365 -25.627365]
[-25.627365 -25.627365 -25.627365 ... -25.627365 -25.627365 -25.627365]
[-25.627365 -25.627365 -25.627365 ... -25.627365 -25.627365 -25.627365]
[-25.627365 -25.627365 -25.627365 ... -25.627365 -25.627365 -25.627365]
[-25.627365 -25.627365 -25.627365 ... -25.627365 -25.627365 -25.627365]
[-25.627365 -25.627365 -25.627365 ... -25.627365 -25.627365 -25.627365]
[-25.627365 -25.627365 -25.627365 ... -25.627365 -25.627365 -25.627365]
[-25.627365 -25.627365 -25.627365 ... -25.627365 -25.627365 -25.627365]
[-25.627365 -25.627365 -25.627365 ... -25.627365 -25.627365 -25.627365]
[-25.627365 -25.627365 -25.627365 ... -25.627365 -25.627365 -25.627365]
[-25.627365 -25.627365 -25.627365 ... -25.627365 -25.627365 -25.627365]
[-25.627365 -25.627365 -25.627365 ... -25.627365 -25.627365 -25.627365]
[-25.627365 -25.627365 -25.627365 ... -25.627365 -25.627365 -25.627365]
[-25.627365 -25.627365 -25.627365 ... -25.627365 -25.627365 -25.627365]
[-25.627365 -25.627365 -25.627365 ... -25.627365 -25.627365 -25.627365]
[-25.627365 -25.627365 -25.627365 ... -25.627365 -25.627365 -25.627365]
[-25.627365 -25.627365 -25.627365 ... -25.627365 -25.627365 -25.627365]
[-25.627365 -25.627365 -25.627365 ... -25.627365 -25.627365 -25.627365]
[-25.627365 -25.627365 -25.627365 ... -25.627365 -25.627365 -25.627365]
[-25.627365 -25.627365 -25.627365 ... -25.627365 -25.627365 -25.627365]
[-25.627365 -25.627365 -25.627365 ... -25.627365 -25.627365 -25.627365]
[-25.627365 -25.627365 -25.627365 ... -25.627365 -25.627365 -25.627365]
[-25.627365 -25.627365 -25.627365 ... -25.627365 -25.627365 -25.627365]
[-25.627365 -25.627365 -25.627365 ... -25.627365 -25.627365 -25.627365]
[-25.627365 -25.627365 -25.627365 ... -25.627365 -25.627365 -25.627365]
[-25.627365 -25.627365 -25.627365 ... -25.627365 -25.627365 -25.627365]
[-25.627365 -25.627365 -25.627365 ... -25.627365 -25.627365 -25.627365]
[-25.627365 -25.627365 -25.627365 ... -25.627365 -25.627365 -25.627365]
[-25.627365 -25.627365 -25.627365 ... -25.627365 -25.627365 -25.627365]
[-25.627365 -25.627365 -25.627365 ... -25.627365 -25.627365 -25.627365]
[-25.627365 -25.627365 -25.627365 ... -25.627365 -25.627365 -25.627365]
[-25.627365 -25.627365 -25.627365 ... -25.627365 -25.627365 -25.627365]
[-25.627365 -25.627365 -25.627365 ... -25.627365 -25.627365 -25.627365]
[-25.627365 -25.627365 -25.627365 ... -25.627365 -25.627365 -25.627365]
[-25.627365 -25.627365 -25.627365 ... -25.627365 -25.627365 -25.627365]
[-25.627365 -25.627365 -25.627365 ... -25.627365 -25.627365 -25.627365]
[-25.627365 -25.627365 -25.627365 ... -25.627365 -25.627365 -25.627365]
[-25.627365 -25.627365 -25.627365 ... -25.627365 -25.627365 -25.627365]
[-25.627365 -25.627365 -25.627365 ... -25.627365 -25.627365 -25.627365]
[-25.627365 -25.627365 -25.627365 ... -25.627365 -25.627365 -25.627365]
[-25.627365 -25.627365 -25.627365 ... -25.627365 -25.627365 -25.627365]
[-25.627365 -25.627365 -25.627365 ... -25.627365 -25.627365 -25.627365]
[-25.627365 -25.627365 -25.627365 ... -25.627365 -25.627365 -25.627365]
[-25.627365 -25.627365 -25.627365 ... -25.627365 -25.627365 -25.627365]
[-25.627365 -25.627365 -25.627365 ... -25.627365 -25.627365 -25.627365]
[-25.627365 -25.627365 -25.627365 ... -25.627365 -25.627365 -25.627365]
[-25.627365 -25.627365 -25.627365 ... -25.627365 -25.627365 -25.627365]
[-25.627365 -25.627365 -25.627365 ... -25.627365 -25.627365 -25.627365]
[-25.627365 -25.627365 -25.627365 ... -25.627365 -25.627365 -25.627365]
[-25.627365 -25.627365 -25.627365 ... -25.627365 -25.627365 -25.627365]
[-25.627365 -25.627365 -25.627365 ... -25.627365 -25.627365 -25.627365]
[-25.627365 -25.627365 -25.627365 ... -25.627365 -25.627365 -25.627365]
[-25.627365 -25.627365 -25.627365 ... -25.627365 -25.627365 -25.627365]
[-25.627365 -25.627365 -25.627365 ... -25.627365 -25.627365 -25.627365]
[-25.627365 -25.627365 -25.627365 ... -25.627365 -25.627365 -25.627365]
[-25.627365 -25.627365 -25.627365 ... -25.627365 -25.627365 -25.627365]
[-25.627365 -25.627365 -25.627365 ... -25.627365 -25.627365 -25.627365]
[-25.627365 -25.627365 -25.627365 ... -25.627365 -25.627365 -25.627365]
[-25.627365 -25.627365 -25.627365 ... -25.627365 -25.627365 -25.627365]
[-25.627365 -25.627365 -25.627365 ... -25.627365 -25.627365 -25.627365]
[-25.627365 -25.627365 -25.627365 ... -25.627365 -25.627365 -25.627365]
[-25.627365 -25.627365 -25.627365 ... -25.627365 -25.627365 -25.627365]
[-25.627365 -25.627365 -25.627365 ... -25.627365 -25.627365 -25.627365]
[-25.627365 -25.627365 -25.627365 ... -25.627365 -25.627365 -25.627365]
[-25.627365 -25.627365 -25.627365 ... -25.627365 -25.627365 -25.627365]
[-25.627365 -25.627365 -25.627365 ... -25.627365 -25.627365 -25.627365]
[-25.627365 -25.627365 -25.627365 ... -25.627365 -25.627365 -25.627365]
[-25.627365 -25.627365 -25.627365 ... -25.627365 -25.627365 -25.627365]
[-25.627365 -25.627365 -25.627365 ... -25.627365 -25.627365 -25.627365]
[-25.627365 -25.627365 -25.627365 ... -25.627365 -25.627365 -25.627365]
[-25.627365 -25.627365 -25.627365 ... -25.627365 -25.627365 -25.627365]
[-25.627365 -25.627365 -25.627365 ... -25.627365 -25.627365 -25.627365]
[-25.627365 -25.627365 -25.627365 ... -25.627365 -25.627365 -25.627365]
[-25.627365 -25.627365 -25.627365 ... -25.627365 -25.627365 -25.627365]
[-25.627365 -25.627365 -25.627365 ... -25.627365 -25.627365 -25.627365]
[-25.627365 -25.627365 -25.627365 ... -25.627365 -25.627365 -25.627365]
[-25.627365 -25.627365 -25.627365 ... -25.627365 -25.627365 -25.627365]
[-25.627365 -25.627365 -25.627365 ... -25.627365 -25.627365 -25.627365]
[-25.627365 -25.627365 -25.627365 ... -25.627365 -25.627365 -25.627365]
[-25.627365 -25.627365 -25.627365 ... -25.627365 -25.627365 -25.627365]
[-25.627365 -25.627365 -25.627365 ... -25.627365 -25.627365 -25.627365]
[-25.627365 -25.627365 -25.627365 ... -25.627365 -25.627365 -25.627365]
[-25.627365 -25.627365 -25.627365 ... -25.627365 -25.627365 -25.627365]
[-25.627365 -25.627365 -25.627365 ... -25.627365 -25.627365 -25.627365]
[-25.627365 -25.627365 -25.627365 ... -25.627365 -25.627365 -25.627365]
[-25.627365 -25.627365 -25.627365 ... -25.627365 -25.627365 -25.627365]
[-25.627365 -25.627365 -25.627365 ... -25.627365 -25.627365 -25.627365]
[-25.627365 -25.627365 -25.627365 ... -25.627365 -25.627365 -25.627365]
[-25.627365 -25.627365 -25.627365 ... -25.627365 -25.627365 -25.627365]
[-25.627365 -25.627365 -25.627365 ... -25.627365 -25.627365 -25.627365]
[-25.627365 -25.627365 -25.627365 ... -25.627365 -25.627365 -25.627365]
[-25.627365 -25.627365 -25.627365 ... -25.627365 -25.627365 -25.627365]
[-25.627365 -25.627365 -25.627365 ... -25.627365 -25.627365 -25.627365]
[-25.627365 -25.627365 -25.627365 ... -25.627365 -25.627365 -25.627365]
[-25.627365 -25.627365 -25.627365 ... -25.627365 -25.627365 -25.627365]
[-25.627365 -25.627365 -25.627365 ... -25.627365 -25.627365 -25.627365]
[-25.627365 -25.627365 -25.627365 ... -25.627365 -25.627365 -25.627365]
[-25.627365 -25.627365 -25.627365 ... -25.627365 -25.627365 -25.627365]
[-25.627365 -25.627365 -25.627365 ... -25.627365 -25.627365 -25.627365]
[-25.627365 -25.627365 -25.627365 ... -25.627365 -25.627365 -25.627365]
[-25.627365 -25.627365 -25.627365 ... -25.627365 -25.627365 -25.627365]
[-25.627365 -25.627365 -25.627365 ... -25.627365 -25.627365 -25.627365]
[-25.627365 -25.627365 -25.627365 ... -25.627365 -25.627365 -25.627365]
[-25.627365 -25.627365 -25.627365 ... -25.627365 -25.627365 -25.627365]
[-25.627365 -25.627365 -25.627365 ... -25.627365 -25.627365 -25.627365]
[-25.627365 -25.627365 -25.627365 ... -25.627365 -25.627365 -25.627365]
[-25.627365 -25.627365 -25.627365 ... -25.627365 -25.627365 -25.627365]
[-25.627365 -25.627365 -25.627365 ... -25.627365 -25.627365 -25.627365]
[-25.627365 -25.627365 -25.627365 ... -25.627365 -25.627365 -25.627365]
[-25.627365 -25.627365 -25.627365 ... -25.627365 -25.627365 -25.627365]
[-25.627365 -25.627365 -25.627365 ... -25.627365 -25.627365 -25.627365]
[-25.627365 -25.627365 -25.627365 ... -25.627365 -25.627365 -25.627365]
[-25.627365 -25.627365 -25.627365 ... -25.627365 -25.627365 -25.627365]
[-25.627365 -25.627365 -25.627365 ... -25.627365 -25.627365 -25.627365]
[-25.627365 -25.627365 -25.627365 ... -25.627365 -25.627365 -25.627365]
[-25.627365 -25.627365 -25.627365 ... -25.627365 -25.627365 -25.627365]
[-25.627365 -25.627365 -25.627365 ... -25.627365 -25.627365 -25.627365]
[-25.627365 -25.627365 -25.627365 ... -25.627365 -25.627365 -25.627365]
[-25.627365 -25.627365 -25.627365 ... -25.627365 -25.627365 -25.627365]
[-25.627365 -25.627365 -25.627365 ... -25.627365 -25.627365 -25.627365]
[-25.627365 -25.627365 -25.627365 ... -25.627365 -25.627365 -25.627365]
[-25.627365 -25.627365 -25.627365 ... -25.627365 -25.627365 -25.627365]
[-25.627365 -25.627365 -25.627365 ... -25.627365 -25.627365 -25.627365]
[-25.627365 -25.627365 -25.627365 ... -25.627365 -25.627365 -25.627365]
[-25.627365 -25.627365 -25.627365 ... -25.627365 -25.627365 -25.627365]
[-25.627365 -25.627365 -25.627365 ... -25.627365 -25.627365 -25.627365]
[-25.627365 -25.627365 -25.627365 ... -25.627365 -25.627365 -25.627365]
[-25.627365 -25.627365 -25.627365 ... -25.627365 -25.627365 -25.627365]
[-25.627365 -25.627365 -25.627365 ... -25.627365 -25.627365 -25.627365]
[-25.627365 -25.627365 -25.627365 ... -25.627365 -25.627365 -25.627365]
[-25.627365 -25.627365 -25.627365 ... -25.627365 -25.627365 -25.627365]
[-25.627365 -25.627365 -25.627365 ... -25.627365 -25.627365 -25.627365]
[-25.627365 -25.627365 -25.627365 ... -25.627365 -25.627365 -25.627365]
[-25.627365 -25.627365 -25.627365 ... -25.627365 -25.627365 -25.627365]
[-25.627365 -25.627365 -25.627365 ... -25.627365 -25.627365 -25.627365]
[-25.627365 -25.627365 -25.627365 ... -25.627365 -25.627365 -25.627365]
[-25.627365 -25.627365 -25.627365 ... -25.627365 -25.627365 -25.627365]
[-25.627365 -25.627365 -25.627365 ... -25.627365 -25.627365 -25.627365]
[-25.627365 -25.627365 -25.627365 ... -25.627365 -25.627365 -25.627365]
[-25.627365 -25.627365 -25.627365 ... -25.627365 -25.627365 -25.627365]
[-25.627365 -25.627365 -25.627365 ... -25.627365 -25.627365 -25.627365]
[-25.627365 -25.627365 -25.627365 ... -25.627365 -25.627365 -25.627365]
[-25.627365 -25.627365 -25.627365 ... -25.627365 -25.627365 -25.627365]
[-25.627365 -25.627365 -25.627365 ... -25.627365 -25.627365 -25.627365]
[-25.627365 -25.627365 -25.627365 ... -25.627365 -25.627365 -25.627365]
[-25.627365 -25.627365 -25.627365 ... -25.627365 -25.627365 -25.627365]
[-25.627365 -25.627365 -25.627365 ... -25.627365 -25.627365 -25.627365]
[-25.627365 -25.627365 -25.627365 ... -25.627365 -25.627365 -25.627365]
[-25.627365 -25.627365 -25.627365 ... -25.627365 -25.627365 -25.627365]
[-25.627365 -25.627365 -25.627365 ... -25.627365 -25.627365 -25.627365]
[-25.627365 -25.627365 -25.627365 ... -25.627365 -25.627365 -25.627365]
[-25.627365 -25.627365 -25.627365 ... -25.627365 -25.627365 -25.627365]
[-25.627365 -25.627365 -25.627365 ... -25.627365 -25.627365 -25.627365]
[-25.627365 -25.627365 -25.627365 ... -25.627365 -25.627365 -25.627365]
[-25.627365 -25.627365 -25.627365 ... -25.627365 -25.627365 -25.627365]
[-25.627365 -25.627365 -25.627365 ... -25.627365 -25.627365 -25.627365]
[-25.627365 -25.627365 -25.627365 ... -25.627365 -25.627365 -25.627365]
[-25.627365 -25.627365 -25.627365 ... -25.627365 -25.627365 -25.627365]
[-25.627365 -25.627365 -25.627365 ... -25.627365 -25.627365 -25.627365]
[-25.627365 -25.627365 -25.627365 ... -25.627365 -25.627365 -25.627365]
[-25.627365 -25.627365 -25.627365 ... -25.627365 -25.627365 -25.627365]
[-25.627365 -25.627365 -25.627365 ... -25.627365 -25.627365 -25.627365]
[-25.627365 -25.627365 -25.627365 ... -25.627365 -25.627365 -25.627365]
[-25.627365 -25.627365 -25.627365 ... -25.627365 -25.627365 -25.627365]
[-25.627365 -25.627365 -25.627365 ... -25.627365 -25.627365 -25.627365]
[-25.627365 -25.627365 -25.627365 ... -25.627365 -25.627365 -25.627365]
[-25.627365 -25.627365 -25.627365 ... -25.627365 -25.627365 -25.627365]
[-25.627365 -25.627365 -25.627365 ... -25.627365 -25.627365 -25.627365]
[-25.627365 -25.627365 -25.627365 ... -25.627365 -25.627365 -25.627365]
[-25.627365 -25.627365 -25.627365 ... -25.627365 -25.627365 -25.627365]
[-25.627365 -25.627365 -25.627365 ... -25.627365 -25.627365 -25.627365]
[-25.627365 -25.627365 -25.627365 ... -25.627365 -25.627365 -25.627365]
[-25.627365 -25.627365 -25.627365 ... -25.627365 -25.627365 -25.627365]
[-25.627365 -25.627365 -25.627365 ... -25.627365 -25.627365 -25.627365]
[-25.627365 -25.627365 -25.627365 ... -25.627365 -25.627365 -25.627365]
[-25.627365 -25.627365 -25.627365 ... -25.627365 -25.627365 -25.627365]
[-25.627365 -25.627365 -25.627365 ... -25.627365 -25.627365 -25.627365]
[-25.627365 -25.627365 -25.627365 ... -25.627365 -25.627365 -25.627365]
[-25.627365 -25.627365 -25.627365 ... -25.627365 -25.627365 -25.627365]
[-25.627365 -25.627365 -25.627365 ... -25.627365 -25.627365 -25.627365]
[-25.627365 -25.627365 -25.627365 ... -25.627365 -25.627365 -25.627365]
[-25.627365 -25.627365 -25.627365 ... -25.627365 -25.627365 -25.627365]
[-25.627365 -25.627365 -25.627365 ... -25.627365 -25.627365 -25.627365]
[-25.627365 -25.627365 -25.627365 ... -25.627365 -25.627365 -25.627365]
[-25.627365 -25.627365 -25.627365 ... -25.627365 -25.627365 -25.627365]
[-25.627365 -25.627365 -25.627365 ... -25.627365 -25.627365 -25.627365]
[-25.627365 -25.627365 -25.627365 ... -25.627365 -25.627365 -25.627365]
[-25.627365 -25.627365 -25.627365 ... -25.627365 -25.627365 -25.627365]
[-25.627365 -25.627365 -25.627365 ... -25.627365 -25.627365 -25.627365]
[-25.627365 -25.627365 -25.627365 ... -25.627365 -25.627365 -25.627365]
[-25.627365 -25.627365 -25.627365 ... -25.627365 -25.627365 -25.627365]
[-25.627365 -25.627365 -25.627365 ... -25.627365 -25.627365 -25.627365]
[-25.627365 -25.627365 -25.627365 ... -25.627365 -25.627365 -25.627365]
[-25.627365 -25.627365 -25.627365 ... -25.627365 -25.627365 -25.627365]
[-25.627365 -25.627365 -25.627365 ... -25.627365 -25.627365 -25.627365]
[-25.627365 -25.627365 -25.627365 ... -25.627365 -25.627365 -25.627365]
[-25.627365 -25.627365 -25.627365 ... -25.627365 -25.627365 -25.627365]
[-25.627365 -25.627365 -25.627365 ... -25.627365 -25.627365 -25.627365]
[-25.627365 -25.627365 -25.627365 ... -25.627365 -25.627365 -25.627365]
[-25.627365 -25.627365 -25.627365 ... -25.627365 -25.627365 -25.627365]
[-25.627365 -25.627365 -25.627365 ... -25.627365 -25.627365 -25.627365]
[-25.627365 -25.627365 -25.627365 ... -25.627365 -25.627365 -25.627365]
[-25.627365 -25.627365 -25.627365 ... -25.627365 -25.627365 -25.627365]
[-25.627365 -25.627365 -25.627365 ... -25.627365 -25.627365 -25.627365]
[-25.627365 -25.627365 -25.627365 ... -25.627365 -25.627365 -25.627365]
[-25.627365 -25.627365 -25.627365 ... -25.627365 -25.627365 -25.627365]
[-25.627365 -25.627365 -25.627365 ... -25.627365 -25.627365 -25.627365]
[-25.627365 -25.627365 -25.627365 ... -25.627365 -25.627365 -25.627365]
[-25.627365 -25.627365 -25.627365 ... -25.627365 -25.627365 -25.627365]
[-25.627365 -25.627365 -25.627365 ... -25.627365 -25.627365 -25.627365]
[-25.627365 -25.627365 -25.627365 ... -25.627365 -25.627365 -25.627365]
[-25.627365 -25.627365 -25.627365 ... -25.627365 -25.627365 -25.627365]
[-25.627365 -25.627365 -25.627365 ... -25.627365 -25.627365 -25.627365]
[-25.627365 -25.627365 -25.627365 ... -25.627365 -25.627365 -25.627365]
[-25.627365 -25.627365 -25.627365 ... -25.627365 -25.627365 -25.627365]
[-25.627365 -25.627365 -25.627365 ... -25.627365 -25.627365 -25.627365]
[-25.627365 -25.627365 -25.627365 ... -25.627365 -25.627365 -25.627365]
[-25.627365 -25.627365 -25.627365 ... -25.627365 -25.627365 -25.627365]
[-25.627365 -25.627365 -25.627365 ... -25.627365 -25.627365 -25.627365]
[-25.627365 -25.627365 -25.627365 ... -25.627365 -25.627365 -25.627365]
[-25.627365 -25.627365 -25.627365 ... -25.627365 -25.627365 -25.627365]
[-25.627365 -25.627365 -25.627365 ... -25.627365 -25.627365 -25.627365]
[-25.627365 -25.627365 -25.627365 ... -25.627365 -25.627365 -25.627365]
[-25.627365 -25.627365 -25.627365 ... -25.627365 -25.627365 -25.627365]
[-25.627365 -25.627365 -25.627365 ... -25.627365 -25.627365 -25.627365]
[-25.627365 -25.627365 -25.627365 ... -25.627365 -25.627365 -25.627365]
[-25.627365 -25.627365 -25.627365 ... -25.627365 -25.627365 -25.627365]
[-25.627365 -25.627365 -25.627365 ... -25.627365 -25.627365 -25.627365]
[-25.627365 -25.627365 -25.627365 ... -25.627365 -25.627365 -25.627365]
[-25.627365 -25.627365 -25.627365 ... -25.627365 -25.627365 -25.627365]
[-25.627365 -25.627365 -25.627365 ... -25.627365 -25.627365 -25.627365]
[-25.627365 -25.627365 -25.627365 ... -25.627365 -25.627365 -25.627365]
[-25.627365 -25.627365 -25.627365 ... -25.627365 -25.627365 -25.627365]
[-25.627365 -25.627365 -25.627365 ... -25.627365 -25.627365 -25.627365]
[-25.627365 -25.627365 -25.627365 ... -25.627365 -25.627365 -25.627365]
[-25.627365 -25.627365 -25.627365 ... -25.627365 -25.627365 -25.627365]
[-25.627365 -25.627365 -25.627365 ... -25.627365 -25.627365 -25.627365]
[-25.627365 -25.627365 -25.627365 ... -25.627365 -25.627365 -25.627365]
[-25.627365 -25.627365 -25.627365 ... -25.627365 -25.627365 -25.627365]
[-25.627365 -25.627365 -25.627365 ... -25.627365 -25.627365 -25.627365]
[-25.627365 -25.627365 -25.627365 ... -25.627365 -25.627365 -25.627365]
[-25.627365 -25.627365 -25.627365 ... -25.627365 -25.627365 -25.627365]
[-25.627365 -25.627365 -25.627365 ... -25.627365 -25.627365 -25.627365]
[-25.627365 -25.627365 -25.627365 ... -25.627365 -25.627365 -25.627365]
[-25.627365 -25.627365 -25.627365 ... -25.627365 -25.627365 -25.627365]
[-25.627365 -25.627365 -25.627365 ... -25.627365 -25.627365 -25.627365]
[-25.627365 -25.627365 -25.627365 ... -25.627365 -25.627365 -25.627365]
[-25.627365 -25.627365 -25.627365 ... -25.627365 -25.627365 -25.627365]
[-25.627365 -25.627365 -25.627365 ... -25.627365 -25.627365 -25.627365]
[-25.627365 -25.627365 -25.627365 ... -25.627365 -25.627365 -25.627365]
[-25.627365 -25.627365 -25.627365 ... -25.627365 -25.627365 -25.627365]
[-25.627365 -25.627365 -25.627365 ... -25.627365 -25.627365 -25.627365]
[-25.627365 -25.627365 -25.627365 ... -25.627365 -25.627365 -25.627365]
[-25.627365 -25.627365 -25.627365 ... -25.627365 -25.627365 -25.627365]
[-25.627365 -25.627365 -25.627365 ... -25.627365 -25.627365 -25.627365]
[-25.627365 -25.627365 -25.627365 ... -25.627365 -25.627365 -25.627365]
[-25.627365 -25.627365 -25.627365 ... -25.627365 -25.627365 -25.627365]
[-25.627365 -25.627365 -25.627365 ... -25.627365 -25.627365 -25.627365]
[-25.627365 -25.627365 -25.627365 ... -25.627365 -25.627365 -25.627365]
[-25.627365 -25.627365 -25.627365 ... -25.627365 -25.627365 -25.627365]
[-25.627365 -25.627365 -25.627365 ... -25.627365 -25.627365 -25.627365]
[-25.627365 -25.627365 -25.627365 ... -25.627365 -25.627365 -25.627365]
[-25.627365 -25.627365 -25.627365 ... -25.627365 -25.627365 -25.627365]
[-25.627365 -25.627365 -25.627365 ... -25.627365 -25.627365 -25.627365]
[-25.627365 -25.627365 -25.627365 ... -25.627365 -25.627365 -25.627365]
[-25.627365 -25.627365 -25.627365 ... -25.627365 -25.627365 -25.627365]
[-25.627365 -25.627365 -25.627365 ... -25.627365 -25.627365 -25.627365]
[-25.627365 -25.627365 -25.627365 ... -25.627365 -25.627365 -25.627365]
[-25.627365 -25.627365 -25.627365 ... -25.627365 -25.627365 -25.627365]
[-25.627365 -25.627365 -25.627365 ... -25.627365 -25.627365 -25.627365]
[-25.627365 -25.627365 -25.627365 ... -25.627365 -25.627365 -25.627365]
[-25.627365 -25.627365 -25.627365 ... -25.627365 -25.627365 -25.627365]
[-25.627365 -25.627365 -25.627365 ... -25.627365 -25.627365 -25.627365]
[-25.627365 -25.627365 -25.627365 ... -25.627365 -25.627365 -25.627365]
[-25.627365 -25.627365 -25.627365 ... -25.627365 -25.627365 -25.627365]
