1101110111
0111011101
1101010111
0101011111
0111010111
0111011101
0101010111
0111110101
1101110101
0111010101
1111011101
0111011101
1101011111
0111111101
0111010101
1111110111
0101010101
1111010101
0101111111
1101010111
1111110101
0101010111
0111010101
1101010111
0101010111
1111110101
0111011101
0101110111
0101011111
0111010111
1101110111
0111110111
0101110101
0111111101
1101110101
0101011111
0111011101
1101110101
1111010111
0111010101
0101111101
1101011101
1111011101
1101010101
1111111101
0111110111
0101110111
0111111101
0101110111
0101111101
1101010111
0101011101
0111111101
0101011111
1111010111
0111011101
1101111101
1101011111
0111011101
1101011111
0111110101
0111110101
0101011101
1101110111
0101110101
1111011101
1101111101
1101011111
1101110101
0101011111
1111010101
0101110111
0101011101
0101110101
1111111101
01