128122
142272
145236
184600
259584
262871
270400
272391
286110
287040
292560
302328
313490
317460
326040
342698
343539
362100
453474
455308
459954
499035
499035
505494
524400
528105
542521
568653
574080
577830
602700
608874
609637
617826
625632
639540
646070
648648
651406
662354
665567
695970
747040
762988
773136
854556
926772
1039290
1113948
1126320
1128372
1135750
1146080
1158066
1173060
1194336
1197000
1197801
1202130
1208970
1212960
1220940
1223600
1330056
1338988
1399424
1402200
1494080
1506492
1507072
1571427
1587924
1685159